300.000000 -0.006781
302.000000 -0.006675
304.000000 -0.005968
306.000000 -0.006011
308.000000 -0.007186
310.000000 -0.006652
312.000000 -0.007252
314.000000 -0.007158
316.000000 -0.005181
318.000000 -0.006010
320.000000 -0.006827
322.000000 -0.005182
324.000000 -0.005240
326.000000 -0.006528
328.000000 -0.006408
330.000000 -0.004911
332.000000 -0.003906
334.000000 -0.003827
336.000000 -0.004599
338.000000 -0.004044
340.000000 -0.003204
342.000000 -0.003683
344.000000 -0.003242
346.000000 -0.003459
348.000000 -0.002986
350.000000 -0.002420
352.000000 -0.002491
354.000000 -0.002618
356.000000 -0.003851
358.000000 -0.004151
360.000000 -0.003390
362.000000 -0.003205
364.000000 -0.003801
366.000000 -0.004184
368.000000 -0.003175
370.000000 -0.002129
372.000000 -0.002569
374.000000 -0.002803
376.000000 -0.002348
378.000000 -0.002379
380.000000 -0.003248
382.000000 -0.003607
384.000000 -0.004478
386.000000 -0.004365
388.000000 -0.003260
390.000000 -0.003429
392.000000 -0.003367
394.000000 -0.003697
396.000000 -0.003179
398.000000 -0.001319
400.000000 -0.001348
402.000000 -0.003125
404.000000 -0.003330
406.000000 -0.003169
408.000000 -0.003814
410.000000 -0.004099
412.000000 -0.002354
414.000000 -0.001757
416.000000 -0.003471
418.000000 -0.004167
420.000000 -0.003644
422.000000 -0.002944
424.000000 -0.002380
426.000000 -0.002077
428.000000 -0.001915
430.000000 -0.001505
432.000000 -0.001509
434.000000 -0.000428
436.000000 0.000163
438.000000 -0.001427
440.000000 -0.001910
442.000000 -0.000666
444.000000 -0.000677
446.000000 -0.002179
448.000000 -0.002919
450.000000 -0.002732
452.000000 -0.002751
454.000000 -0.002184
456.000000 -0.002150
458.000000 -0.002120
460.000000 -0.001379
462.000000 -0.001935
464.000000 -0.002848
466.000000 -0.003021
468.000000 -0.002441
470.000000 -0.001479
472.000000 -0.001594
474.000000 -0.002004
476.000000 -0.001940
478.000000 -0.002120
480.000000 -0.001813
482.000000 -0.001484
484.000000 -0.001396
486.000000 -0.001693
488.000000 -0.002201
490.000000 -0.002887
492.000000 -0.002462
494.000000 -0.002110
496.000000 -0.002529
498.000000 -0.002567
500.000000 -0.003246
502.000000 -0.002955
504.000000 -0.002342
506.000000 -0.002119
508.000000 -0.002174
510.000000 -0.001562
512.000000 -0.001493
514.000000 -0.001843
516.000000 -0.001759
518.000000 -0.002041
520.000000 -0.002222
522.000000 -0.003325
524.000000 -0.003884
526.000000 -0.003114
528.000000 -0.003201
530.000000 -0.003237
532.000000 -0.002703
534.000000 -0.002486
536.000000 -0.002025
538.000000 -0.001452
540.000000 -0.001612
542.000000 -0.002170
544.000000 -0.002006
546.000000 -0.002359
548.000000 -0.002528
550.000000 -0.002282
552.000000 -0.002594
554.000000 -0.002138
556.000000 -0.002321
558.000000 -0.002608
560.000000 -0.002511
562.000000 -0.002485
564.000000 -0.002421
566.000000 -0.002592
568.000000 -0.002592
570.000000 -0.002768
572.000000 -0.002154
574.000000 -0.001734
576.000000 -0.001756
578.000000 -0.002058
580.000000 -0.002890
582.000000 -0.001833
584.000000 -0.001276
586.000000 -0.002192
588.000000 -0.002414
590.000000 -0.002273
592.000000 -0.001691
594.000000 -0.002026
596.000000 -0.002871
598.000000 -0.003220
600.000000 -0.003337
