300.000000 0.077121
302.000000 0.076347
304.000000 0.075456
306.000000 0.076516
308.000000 0.075651
310.000000 0.076075
312.000000 0.079378
314.000000 0.080646
316.000000 0.081485
318.000000 0.081344
320.000000 0.080814
322.000000 0.082522
324.000000 0.081329
326.000000 0.076938
328.000000 0.076060
330.000000 0.076429
332.000000 0.074169
334.000000 0.072272
336.000000 0.068930
338.000000 0.064769
340.000000 0.061534
342.000000 0.057114
344.000000 0.053156
346.000000 0.049211
348.000000 0.045699
350.000000 0.042301
352.000000 0.038626
354.000000 0.034265
356.000000 0.028607
358.000000 0.024072
360.000000 0.020637
362.000000 0.018284
364.000000 0.016241
366.000000 0.012705
368.000000 0.010959
370.000000 0.010289
372.000000 0.008706
374.000000 0.009510
376.000000 0.010086
378.000000 0.009245
380.000000 0.008429
382.000000 0.008051
384.000000 0.008121
386.000000 0.008548
388.000000 0.010224
390.000000 0.011490
392.000000 0.011979
394.000000 0.012707
396.000000 0.013890
398.000000 0.015170
400.000000 0.016862
402.000000 0.017798
404.000000 0.019554
406.000000 0.021897
408.000000 0.022762
410.000000 0.024980
412.000000 0.029921
414.000000 0.033857
416.000000 0.036251
418.000000 0.038978
420.000000 0.042726
422.000000 0.046053
424.000000 0.049540
426.000000 0.054912
428.000000 0.059778
430.000000 0.064555
432.000000 0.069847
434.000000 0.077147
436.000000 0.084879
438.000000 0.091118
440.000000 0.098833
442.000000 0.110315
444.000000 0.120927
446.000000 0.129888
448.000000 0.140690
450.000000 0.151612
452.000000 0.163096
454.000000 0.175979
456.000000 0.189033
458.000000 0.202733
460.000000 0.217256
462.000000 0.231292
464.000000 0.246288
466.000000 0.261361
468.000000 0.276937
470.000000 0.292798
472.000000 0.307756
474.000000 0.323070
476.000000 0.338739
478.000000 0.354769
480.000000 0.370978
482.000000 0.386221
484.000000 0.400011
486.000000 0.414155
488.000000 0.427621
490.000000 0.440522
492.000000 0.455012
494.000000 0.467650
496.000000 0.478582
498.000000 0.488380
500.000000 0.496873
502.000000 0.504161
504.000000 0.509359
506.000000 0.512886
508.000000 0.515098
510.000000 0.515226
512.000000 0.513372
514.000000 0.510454
516.000000 0.506290
518.000000 0.500823
520.000000 0.495583
522.000000 0.489319
524.000000 0.482422
526.000000 0.476674
528.000000 0.470337
530.000000 0.465088
532.000000 0.458659
532.000000 0.458659
534.000000 0.448879
536.000000 0.437781
538.000000 0.423948
540.000000 0.406185
542.000000 0.385793
544.000000 0.364730
546.000000 0.339688
548.000000 0.312645
550.000000 0.285736
552.000000 0.256729
554.000000 0.226677
556.000000 0.196486
558.000000 0.167969
560.000000 0.142239
562.000000 0.119153
564.000000 0.098940
566.000000 0.082360
568.000000 0.068448
570.000000 0.055555
572.000000 0.045757
574.000000 0.037520
576.000000 0.030303
578.000000 0.024780
580.000000 0.019476
582.000000 0.016410
584.000000 0.014014
586.000000 0.010929
588.000000 0.008925
590.000000 0.007124
592.000000 0.005490
594.000000 0.004013
596.000000 0.002456
598.000000 0.001289
600.000000 0.000899
