300.000000 0.227813
302.000000 0.226858
304.000000 0.224987
306.000000 0.225134
308.000000 0.225387
310.000000 0.226251
312.000000 0.228114
314.000000 0.229952
316.000000 0.232720
318.000000 0.232877
320.000000 0.230829
322.000000 0.230654
324.000000 0.228412
326.000000 0.222536
328.000000 0.219021
330.000000 0.216243
332.000000 0.211314
334.000000 0.205630
336.000000 0.198520
338.000000 0.190983
340.000000 0.182176
342.000000 0.173602
344.000000 0.165378
346.000000 0.156228
348.000000 0.148264
350.000000 0.140738
352.000000 0.131769
354.000000 0.121060
356.000000 0.110116
358.000000 0.101969
360.000000 0.094398
362.000000 0.087535
364.000000 0.082379
366.000000 0.076485
368.000000 0.072764
370.000000 0.071549
372.000000 0.070846
374.000000 0.069346
376.000000 0.067346
378.000000 0.066842
380.000000 0.065435
382.000000 0.064460
384.000000 0.064822
386.000000 0.065313
388.000000 0.067097
390.000000 0.068431
392.000000 0.070135
394.000000 0.071882
396.000000 0.073687
398.000000 0.076473
400.000000 0.078950
402.000000 0.081895
404.000000 0.085967
406.000000 0.089989
408.000000 0.093657
410.000000 0.098505
412.000000 0.104673
414.000000 0.111014
416.000000 0.115859
418.000000 0.120812
420.000000 0.128351
422.000000 0.135202
424.000000 0.142533
426.000000 0.153179
428.000000 0.164133
430.000000 0.175022
432.000000 0.187572
434.000000 0.202746
436.000000 0.218969
438.000000 0.234249
440.000000 0.250908
442.000000 0.271023
444.000000 0.291758
446.000000 0.312622
448.000000 0.334129
450.000000 0.356608
452.000000 0.381008
454.000000 0.406636
456.000000 0.433318
458.000000 0.461120
460.000000 0.490333
462.000000 0.520258
464.000000 0.551219
466.000000 0.581750
468.000000 0.613566
470.000000 0.646207
472.000000 0.678006
474.000000 0.709253
476.000000 0.742316
478.000000 0.776222
480.000000 0.809181
482.000000 0.839145
484.000000 0.866335
486.000000 0.896862
488.000000 0.924618
490.000000 0.948074
492.000000 0.973426
494.000000 0.998108
496.000000 1.023525
498.000000 1.049307
500.000000 1.070218
502.000000 1.087312
504.000000 1.098062
506.000000 1.099997
508.000000 1.103560
510.000000 1.106532
512.000000 1.101413
514.000000 1.092189
516.000000 1.084360
518.000000 1.076266
520.000000 1.065457
522.000000 1.046465
524.000000 1.028593
526.000000 1.020140
528.000000 1.010073
530.000000 0.999166
532.000000 0.985693
534.000000 0.964395
536.000000 0.940319
536.000000 0.940319
538.000000 0.910187
540.000000 0.874226
542.000000 0.834732
544.000000 0.788364
546.000000 0.735058
548.000000 0.679416
550.000000 0.622509
552.000000 0.562251
554.000000 0.499731
556.000000 0.436558
558.000000 0.376585
560.000000 0.322719
562.000000 0.275564
564.000000 0.234791
566.000000 0.200137
568.000000 0.170814
570.000000 0.145369
572.000000 0.124974
574.000000 0.107481
576.000000 0.092396
578.000000 0.079957
580.000000 0.069983
582.000000 0.063122
584.000000 0.056334
586.000000 0.050028
588.000000 0.045611
590.000000 0.042135
592.000000 0.038894
594.000000 0.035180
596.000000 0.032300
598.000000 0.030903
600.000000 0.030435
