300.000000 0.149448
302.000000 0.146844
304.000000 0.143349
306.000000 0.140060
308.000000 0.136534
310.000000 0.135190
312.000000 0.134958
314.000000 0.134579
316.000000 0.135231
318.000000 0.133136
320.000000 0.129767
322.000000 0.128320
324.000000 0.124802
326.000000 0.118426
328.000000 0.114773
330.000000 0.112724
332.000000 0.108804
334.000000 0.104010
336.000000 0.098969
338.000000 0.094256
340.000000 0.089005
342.000000 0.085665
344.000000 0.083630
346.000000 0.080493
348.000000 0.078711
350.000000 0.078534
352.000000 0.078191
354.000000 0.075330
356.000000 0.072506
358.000000 0.072925
360.000000 0.074785
362.000000 0.077516
364.000000 0.080679
366.000000 0.082802
368.000000 0.085713
370.000000 0.091200
372.000000 0.096564
374.000000 0.101022
376.000000 0.107328
378.000000 0.114971
380.000000 0.121144
382.000000 0.127286
384.000000 0.133717
386.000000 0.141197
388.000000 0.149702
390.000000 0.157432
392.000000 0.166914
394.000000 0.176169
396.000000 0.184042
398.000000 0.192167
400.000000 0.200104
402.000000 0.207963
404.000000 0.216638
406.000000 0.224646
408.000000 0.231714
410.000000 0.239935
412.000000 0.249591
414.000000 0.258465
416.000000 0.265758
418.000000 0.273921
420.000000 0.283024
422.000000 0.290444
424.000000 0.298347
426.000000 0.307861
428.000000 0.317347
430.000000 0.327361
432.000000 0.337778
434.000000 0.349892
436.000000 0.362372
438.000000 0.373455
440.000000 0.385654
442.000000 0.400656
444.000000 0.415823
446.000000 0.431289
448.000000 0.446741
450.000000 0.461384
452.000000 0.477069
454.000000 0.493626
456.000000 0.510108
458.000000 0.526643
460.000000 0.542974
462.000000 0.557657
464.000000 0.573549
466.000000 0.588675
468.000000 0.602497
470.000000 0.617494
472.000000 0.631299
474.000000 0.643196
476.000000 0.655183
478.000000 0.666732
480.000000 0.675030
482.000000 0.683237
484.000000 0.692594
486.000000 0.699868
488.000000 0.704762
490.000000 0.708114
492.000000 0.713116
494.000000 0.717262
496.000000 0.719042
498.000000 0.719072
500.000000 0.715528
502.000000 0.711526
504.000000 0.708904
506.000000 0.703232
508.000000 0.694811
510.000000 0.686203
512.000000 0.675135
514.000000 0.659950
516.000000 0.644935
518.000000 0.630551
520.000000 0.613711
522.000000 0.597386
524.000000 0.582275
526.000000 0.568232
528.000000 0.553485
530.000000 0.539034
532.000000 0.525306
534.000000 0.509537
536.000000 0.492432
538.000000 0.472496
540.000000 0.450006
542.000000 0.425293
544.000000 0.399603
546.000000 0.370810
548.000000 0.340306
550.000000 0.310044
552.000000 0.278632
554.000000 0.245706
556.000000 0.212281
558.000000 0.181749
560.000000 0.154351
562.000000 0.129517
564.000000 0.107620
566.000000 0.089009
568.000000 0.073500
570.000000 0.060180
572.000000 0.050179
574.000000 0.041633
576.000000 0.033763
578.000000 0.027089
580.000000 0.021066
582.000000 0.017411
584.000000 0.014496
586.000000 0.011421
588.000000 0.009367
590.000000 0.007803
592.000000 0.005979
594.000000 0.003933
596.000000 0.002261
598.000000 0.001019
600.000000 0.000604
