300.000000 0.148621
302.000000 0.142476
304.000000 0.137155
306.000000 0.133241
308.000000 0.129948
310.000000 0.127934
312.000000 0.127355
314.000000 0.126107
316.000000 0.125064
318.000000 0.122978
320.000000 0.119399
322.000000 0.116619
324.000000 0.112143
326.000000 0.105784
328.000000 0.103557
330.000000 0.101634
332.000000 0.097251
334.000000 0.092819
336.000000 0.087653
338.000000 0.084450
340.000000 0.081344
342.000000 0.078119
344.000000 0.076893
346.000000 0.075519
348.000000 0.074509
350.000000 0.074835
352.000000 0.074988
354.000000 0.075487
356.000000 0.076353
358.000000 0.078570
360.000000 0.081742
362.000000 0.084809
364.000000 0.088303
366.000000 0.092064
368.000000 0.097861
370.000000 0.105583
372.000000 0.112448
374.000000 0.119082
376.000000 0.127053
378.000000 0.134927
380.000000 0.142355
382.000000 0.150534
384.000000 0.159389
386.000000 0.168186
388.000000 0.177073
390.000000 0.186073
392.000000 0.195951
394.000000 0.206562
396.000000 0.216336
398.000000 0.225127
400.000000 0.234802
402.000000 0.244523
404.000000 0.253783
406.000000 0.262797
408.000000 0.270708
410.000000 0.279333
412.000000 0.289326
414.000000 0.298645
416.000000 0.307566
418.000000 0.317112
420.000000 0.325954
422.000000 0.332485
424.000000 0.339487
426.000000 0.348914
428.000000 0.358773
430.000000 0.368381
432.000000 0.378617
434.000000 0.390178
436.000000 0.401137
438.000000 0.411096
440.000000 0.422543
442.000000 0.436611
444.000000 0.450544
446.000000 0.464035
448.000000 0.477673
450.000000 0.490279
452.000000 0.503588
454.000000 0.517040
456.000000 0.530319
458.000000 0.544103
460.000000 0.556910
462.000000 0.568497
464.000000 0.580752
466.000000 0.592648
468.000000 0.604070
470.000000 0.613875
472.000000 0.622753
474.000000 0.630127
476.000000 0.637043
478.000000 0.644315
480.000000 0.650043
482.000000 0.653982
484.000000 0.655819
486.000000 0.658082
488.000000 0.658792
490.000000 0.658142
492.000000 0.658249
494.000000 0.656770
496.000000 0.653062
498.000000 0.648230
500.000000 0.642582
502.000000 0.636316
504.000000 0.628106
506.000000 0.618934
508.000000 0.608625
510.000000 0.596232
512.000000 0.582733
514.000000 0.567507
516.000000 0.550457
518.000000 0.533079
520.000000 0.516603
522.000000 0.499369
524.000000 0.482399
526.000000 0.468342
528.000000 0.454066
530.000000 0.439664
532.000000 0.426410
534.000000 0.411357
536.000000 0.396162
538.000000 0.379175
540.000000 0.358950
542.000000 0.337707
544.000000 0.316763
546.000000 0.293424
548.000000 0.268781
550.000000 0.244409
552.000000 0.219549
554.000000 0.193549
556.000000 0.166726
558.000000 0.142683
560.000000 0.120822
562.000000 0.100963
564.000000 0.084323
566.000000 0.070598
568.000000 0.059143
570.000000 0.048834
572.000000 0.040533
574.000000 0.033208
576.000000 0.027075
578.000000 0.022217
580.000000 0.017470
582.000000 0.014498
584.000000 0.012708
586.000000 0.010284
588.000000 0.008006
590.000000 0.007057
592.000000 0.005875
594.000000 0.004125
596.000000 0.002849
598.000000 0.001819
600.000000 0.001474
