300.000000 0.166971
302.000000 0.156862
304.000000 0.145889
306.000000 0.137609
308.000000 0.129748
310.000000 0.124296
312.000000 0.120295
314.000000 0.115418
316.000000 0.112766
318.000000 0.107896
320.000000 0.102683
322.000000 0.100396
324.000000 0.093797
326.000000 0.086145
328.000000 0.084564
330.000000 0.083518
332.000000 0.079352
334.000000 0.074208
336.000000 0.070711
338.000000 0.069550
340.000000 0.067958
342.000000 0.067153
344.000000 0.069116
346.000000 0.072712
348.000000 0.077490
350.000000 0.082249
352.000000 0.087287
354.000000 0.092496
356.000000 0.098332
358.000000 0.106622
360.000000 0.115466
362.000000 0.125129
364.000000 0.135257
366.000000 0.143187
368.000000 0.152823
370.000000 0.164980
372.000000 0.176781
374.000000 0.188641
376.000000 0.201006
378.000000 0.213844
380.000000 0.225971
382.000000 0.238973
384.000000 0.251959
386.000000 0.264291
388.000000 0.277390
390.000000 0.290990
392.000000 0.304762
394.000000 0.318159
396.000000 0.332444
398.000000 0.346126
400.000000 0.358405
402.000000 0.370590
404.000000 0.383501
406.000000 0.394944
408.000000 0.404779
410.000000 0.415710
412.000000 0.427512
414.000000 0.437713
416.000000 0.447285
418.000000 0.456402
420.000000 0.465538
422.000000 0.474179
424.000000 0.481679
426.000000 0.490478
428.000000 0.498613
430.000000 0.506207
432.000000 0.513896
434.000000 0.523242
436.000000 0.532510
438.000000 0.539880
440.000000 0.547707
442.000000 0.556923
444.000000 0.565875
446.000000 0.574166
448.000000 0.582220
450.000000 0.587998
452.000000 0.594444
454.000000 0.601630
456.000000 0.606598
458.000000 0.609822
460.000000 0.612726
462.000000 0.615058
464.000000 0.615109
466.000000 0.614988
468.000000 0.615155
470.000000 0.613546
472.000000 0.609072
474.000000 0.602114
476.000000 0.594121
478.000000 0.584322
480.000000 0.573455
482.000000 0.561194
484.000000 0.547447
486.000000 0.533675
488.000000 0.518235
490.000000 0.501669
492.000000 0.484373
494.000000 0.466600
496.000000 0.447838
498.000000 0.428058
500.000000 0.408095
502.000000 0.389638
504.000000 0.372097
506.000000 0.353736
508.000000 0.334028
510.000000 0.314468
512.000000 0.294814
514.000000 0.274857
516.000000 0.254720
518.000000 0.234295
520.000000 0.214910
522.000000 0.195762
524.000000 0.176524
526.000000 0.160192
528.000000 0.144873
530.000000 0.130412
532.000000 0.117323
534.000000 0.103937
536.000000 0.093293
538.000000 0.083519
540.000000 0.072300
542.000000 0.062694
544.000000 0.055942
546.000000 0.048813
548.000000 0.042492
550.000000 0.037466
552.000000 0.032432
554.000000 0.027454
556.000000 0.022703
558.000000 0.019822
560.000000 0.016991
562.000000 0.013860
564.000000 0.011348
566.000000 0.009715
568.000000 0.008755
570.000000 0.007508
572.000000 0.007482
574.000000 0.007555
576.000000 0.006787
578.000000 0.005113
580.000000 0.003329
582.000000 0.004083
584.000000 0.004974
586.000000 0.003739
588.000000 0.002566
590.000000 0.002971
592.000000 0.003231
594.000000 0.002324
596.000000 0.001680
598.000000 0.001279
600.000000 0.001145
