300.000000 0.104929
302.000000 0.100874
304.000000 0.096278
306.000000 0.091973
308.000000 0.086177
310.000000 0.082005
312.000000 0.079131
314.000000 0.075963
316.000000 0.075743
318.000000 0.072325
320.000000 0.067193
322.000000 0.065930
324.000000 0.062108
326.000000 0.055902
328.000000 0.052914
330.000000 0.051525
332.000000 0.049408
334.000000 0.046991
336.000000 0.044372
338.000000 0.043549
340.000000 0.043007
342.000000 0.042396
344.000000 0.043960
346.000000 0.045749
348.000000 0.048851
350.000000 0.052954
352.000000 0.056179
354.000000 0.059718
356.000000 0.064072
358.000000 0.070366
360.000000 0.078304
362.000000 0.086121
364.000000 0.093675
366.000000 0.100095
368.000000 0.106315
370.000000 0.115719
372.000000 0.124831
374.000000 0.132823
376.000000 0.142482
378.000000 0.152437
380.000000 0.161236
382.000000 0.170278
384.000000 0.179705
386.000000 0.189545
388.000000 0.200223
390.000000 0.210918
392.000000 0.221296
394.000000 0.231486
396.000000 0.242460
398.000000 0.253047
400.000000 0.262174
402.000000 0.271203
404.000000 0.281277
406.000000 0.289910
408.000000 0.296615
410.000000 0.304678
412.000000 0.313939
414.000000 0.322166
416.000000 0.328670
418.000000 0.334677
420.000000 0.341660
422.000000 0.348411
424.000000 0.354663
426.000000 0.361406
428.000000 0.368076
430.000000 0.374293
432.000000 0.380348
434.000000 0.387555
436.000000 0.394234
438.000000 0.399550
440.000000 0.405115
442.000000 0.412715
444.000000 0.419644
446.000000 0.425490
448.000000 0.431696
450.000000 0.436293
452.000000 0.440924
454.000000 0.446185
456.000000 0.449834
458.000000 0.452638
460.000000 0.454944
462.000000 0.455590
464.000000 0.455974
466.000000 0.456412
468.000000 0.456171
470.000000 0.454957
472.000000 0.451819
474.000000 0.446568
476.000000 0.440066
478.000000 0.432829
480.000000 0.425180
482.000000 0.415815
484.000000 0.405677
486.000000 0.395681
488.000000 0.383695
490.000000 0.370761
492.000000 0.358516
494.000000 0.345695
496.000000 0.331140
498.000000 0.316054
500.000000 0.300814
502.000000 0.286748
504.000000 0.273413
506.000000 0.259425
508.000000 0.245015
510.000000 0.231105
512.000000 0.216585
514.000000 0.201537
516.000000 0.186883
518.000000 0.171658
520.000000 0.156829
522.000000 0.141848
524.000000 0.127768
526.000000 0.115896
528.000000 0.103795
530.000000 0.093437
532.000000 0.083960
534.000000 0.074128
536.000000 0.065808
538.000000 0.058548
540.000000 0.050537
542.000000 0.042382
544.000000 0.037622
546.000000 0.033448
548.000000 0.028195
550.000000 0.023781
552.000000 0.020169
554.000000 0.016691
556.000000 0.012987
558.000000 0.010620
560.000000 0.008744
562.000000 0.006907
564.000000 0.005053
566.000000 0.003173
568.000000 0.002607
570.000000 0.002009
572.000000 0.002131
574.000000 0.002075
576.000000 0.001349
578.000000 0.000440
580.000000 -0.001125
582.000000 -0.001029
584.000000 -0.000925
586.000000 -0.001744
588.000000 -0.001497
590.000000 -0.001083
592.000000 -0.000937
594.000000 -0.001722
596.000000 -0.002710
598.000000 -0.003041
600.000000 -0.003151
