300.000000 0.164200
302.000000 0.155676
304.000000 0.150760
306.000000 0.146538
308.000000 0.141811
310.000000 0.138285
312.000000 0.135838
314.000000 0.133674
316.000000 0.132040
318.000000 0.128860
320.000000 0.124404
322.000000 0.121474
324.000000 0.116487
326.000000 0.109171
328.000000 0.106600
330.000000 0.104092
332.000000 0.099732
334.000000 0.098065
336.000000 0.094198
338.000000 0.090250
340.000000 0.086959
342.000000 0.083744
344.000000 0.083520
346.000000 0.083206
348.000000 0.083955
350.000000 0.087156
352.000000 0.089982
354.000000 0.091514
356.000000 0.093341
358.000000 0.096105
360.000000 0.101836
362.000000 0.108196
364.000000 0.112699
366.000000 0.117742
368.000000 0.124389
370.000000 0.134188
372.000000 0.143793
374.000000 0.151551
376.000000 0.160494
378.000000 0.170468
380.000000 0.179697
382.000000 0.189579
384.000000 0.200131
386.000000 0.209334
388.000000 0.219148
390.000000 0.230181
392.000000 0.241601
394.000000 0.252529
396.000000 0.263919
398.000000 0.274807
400.000000 0.284600
402.000000 0.294681
404.000000 0.304842
406.000000 0.314473
408.000000 0.323206
410.000000 0.333181
412.000000 0.343787
414.000000 0.353181
416.000000 0.361295
418.000000 0.369764
420.000000 0.378645
422.000000 0.386255
424.000000 0.394193
426.000000 0.403061
428.000000 0.412319
430.000000 0.421730
432.000000 0.431328
434.000000 0.442243
436.000000 0.453006
438.000000 0.462101
440.000000 0.471970
442.000000 0.484603
444.000000 0.496935
446.000000 0.508028
448.000000 0.519134
450.000000 0.530238
452.000000 0.542134
454.000000 0.553916
456.000000 0.564758
458.000000 0.574605
460.000000 0.584626
462.000000 0.593872
464.000000 0.602390
466.000000 0.608948
468.000000 0.615069
470.000000 0.622489
472.000000 0.628006
474.000000 0.631088
476.000000 0.633459
478.000000 0.634542
480.000000 0.634239
482.000000 0.633368
484.000000 0.630383
486.000000 0.626906
488.000000 0.622597
490.000000 0.617349
492.000000 0.611845
494.000000 0.604583
496.000000 0.596252
498.000000 0.587188
500.000000 0.576422
502.000000 0.565877
504.000000 0.555303
506.000000 0.542955
508.000000 0.528075
510.000000 0.512580
512.000000 0.497019
514.000000 0.480780
516.000000 0.463277
518.000000 0.444920
520.000000 0.427695
522.000000 0.409808
524.000000 0.392006
526.000000 0.378254
528.000000 0.363972
530.000000 0.348706
532.000000 0.334740
534.000000 0.319900
536.000000 0.305595
538.000000 0.290113
540.000000 0.272629
542.000000 0.255102
544.000000 0.238527
546.000000 0.219961
548.000000 0.200879
550.000000 0.182508
552.000000 0.163506
554.000000 0.143842
556.000000 0.124097
558.000000 0.106108
560.000000 0.089847
562.000000 0.075768
564.000000 0.063671
566.000000 0.053197
568.000000 0.044431
570.000000 0.036641
572.000000 0.031077
574.000000 0.026436
576.000000 0.021716
578.000000 0.017773
580.000000 0.014276
582.000000 0.012447
584.000000 0.011504
586.000000 0.009497
588.000000 0.007751
590.000000 0.007541
592.000000 0.006865
594.000000 0.004852
596.000000 0.003649
598.000000 0.003293
600.000000 0.003173
