300.000000 0.194623
302.000000 0.185280
304.000000 0.176495
306.000000 0.169067
308.000000 0.160884
310.000000 0.153835
312.000000 0.149225
314.000000 0.144777
316.000000 0.140578
318.000000 0.134326
320.000000 0.127673
322.000000 0.122995
324.000000 0.115850
326.000000 0.108870
328.000000 0.104712
330.000000 0.099806
332.000000 0.094612
334.000000 0.090486
336.000000 0.088241
338.000000 0.086699
340.000000 0.084899
342.000000 0.084621
344.000000 0.086270
346.000000 0.088994
348.000000 0.093565
350.000000 0.100237
352.000000 0.107078
354.000000 0.113944
356.000000 0.121707
358.000000 0.131848
360.000000 0.143831
362.000000 0.156218
364.000000 0.167698
366.000000 0.178476
368.000000 0.191187
370.000000 0.205598
372.000000 0.219604
374.000000 0.233786
376.000000 0.249233
378.000000 0.265004
380.000000 0.280170
382.000000 0.296320
384.000000 0.312384
386.000000 0.327410
388.000000 0.343264
390.000000 0.360108
392.000000 0.377762
394.000000 0.394959
396.000000 0.412234
398.000000 0.428881
400.000000 0.444361
402.000000 0.459349
404.000000 0.474375
406.000000 0.488833
408.000000 0.502180
410.000000 0.516388
412.000000 0.530628
414.000000 0.542760
416.000000 0.554130
418.000000 0.565164
420.000000 0.576388
422.000000 0.587077
424.000000 0.596258
426.000000 0.605215
428.000000 0.616035
430.000000 0.626282
432.000000 0.635049
434.000000 0.645726
436.000000 0.657817
438.000000 0.668780
440.000000 0.678420
442.000000 0.689718
444.000000 0.700552
446.000000 0.710121
448.000000 0.719369
450.000000 0.726725
452.000000 0.734174
454.000000 0.742393
456.000000 0.748367
458.000000 0.753647
460.000000 0.758174
462.000000 0.758770
464.000000 0.759516
466.000000 0.758031
468.000000 0.756475
470.000000 0.756222
472.000000 0.751020
474.000000 0.742536
476.000000 0.731031
478.000000 0.718856
480.000000 0.706561
482.000000 0.691835
484.000000 0.674276
486.000000 0.657206
488.000000 0.639300
490.000000 0.618461
492.000000 0.597499
494.000000 0.575767
496.000000 0.551567
498.000000 0.527544
500.000000 0.503274
502.000000 0.479877
504.000000 0.457815
506.000000 0.434842
508.000000 0.411050
510.000000 0.387296
512.000000 0.362963
514.000000 0.338427
516.000000 0.313941
518.000000 0.289140
520.000000 0.265304
522.000000 0.241792
524.000000 0.218869
526.000000 0.198506
528.000000 0.178890
530.000000 0.161769
532.000000 0.146540
534.000000 0.130505
536.000000 0.116625
538.000000 0.103332
540.000000 0.089893
542.000000 0.079075
544.000000 0.070573
546.000000 0.061473
548.000000 0.053218
550.000000 0.046537
552.000000 0.040848
554.000000 0.035644
556.000000 0.030065
558.000000 0.025747
560.000000 0.022374
562.000000 0.019195
564.000000 0.017042
566.000000 0.014591
568.000000 0.012309
570.000000 0.011105
572.000000 0.010237
574.000000 0.009362
576.000000 0.008458
578.000000 0.007531
580.000000 0.006072
582.000000 0.006170
584.000000 0.006499
586.000000 0.005660
588.000000 0.005351
590.000000 0.005493
592.000000 0.005479
594.000000 0.004817
596.000000 0.004144
598.000000 0.003577
600.000000 0.003387
