300.000000 0.036818
302.000000 0.036748
304.000000 0.036421
306.000000 0.036386
308.000000 0.035531
310.000000 0.035747
312.000000 0.037025
314.000000 0.038690
316.000000 0.041115
318.000000 0.041308
320.000000 0.040151
322.000000 0.039895
324.000000 0.041253
326.000000 0.040632
328.000000 0.038979
330.000000 0.036869
332.000000 0.035689
334.000000 0.037413
336.000000 0.035292
338.000000 0.031726
340.000000 0.029331
342.000000 0.027223
344.000000 0.026063
346.000000 0.023831
348.000000 0.022413
350.000000 0.021844
352.000000 0.018859
354.000000 0.014875
356.000000 0.011624
358.000000 0.009660
360.000000 0.008969
362.000000 0.009142
364.000000 0.007723
366.000000 0.004162
368.000000 0.002752
370.000000 0.002910
372.000000 0.002409
374.000000 0.002297
376.000000 0.001962
378.000000 0.002025
380.000000 0.002200
382.000000 0.001368
384.000000 0.001026
386.000000 0.001289
388.000000 0.002583
390.000000 0.004153
392.000000 0.004510
394.000000 0.004460
396.000000 0.005722
398.000000 0.006978
400.000000 0.006815
402.000000 0.006658
404.000000 0.008023
406.000000 0.009696
408.000000 0.011279
410.000000 0.012846
412.000000 0.014968
414.000000 0.016682
416.000000 0.017612
418.000000 0.018863
420.000000 0.019896
422.000000 0.021361
424.000000 0.022973
426.000000 0.026412
428.000000 0.031004
430.000000 0.033855
432.000000 0.035699
434.000000 0.038926
436.000000 0.042888
438.000000 0.046813
440.000000 0.050608
442.000000 0.055593
444.000000 0.060614
446.000000 0.065938
448.000000 0.072300
450.000000 0.077214
452.000000 0.083460
454.000000 0.090986
456.000000 0.097437
458.000000 0.104022
460.000000 0.112052
462.000000 0.119339
464.000000 0.126605
466.000000 0.134598
468.000000 0.143137
470.000000 0.151949
472.000000 0.159744
474.000000 0.167222
476.000000 0.175368
478.000000 0.183761
480.000000 0.192561
482.000000 0.200493
484.000000 0.206983
486.000000 0.214325
488.000000 0.221897
490.000000 0.229002
492.000000 0.236714
494.000000 0.243550
496.000000 0.249540
498.000000 0.254664
500.000000 0.258667
502.000000 0.262743
504.000000 0.265937
506.000000 0.267283
508.000000 0.267919
510.000000 0.268589
512.000000 0.267975
514.000000 0.266237
516.000000 0.263610
518.000000 0.260480
520.000000 0.257932
522.000000 0.254830
524.000000 0.251281
526.000000 0.248379
528.000000 0.245069
530.000000 0.242207
532.000000 0.238881
534.000000 0.233852
536.000000 0.228134
538.000000 0.221432
540.000000 0.212073
542.000000 0.200990
544.000000 0.190034
546.000000 0.176269
548.000000 0.161885
550.000000 0.148294
552.000000 0.133414
554.000000 0.117836
556.000000 0.101710
558.000000 0.086506
560.000000 0.073269
562.000000 0.061377
564.000000 0.051191
566.000000 0.042876
568.000000 0.035279
570.000000 0.028142
572.000000 0.023116
574.000000 0.018917
576.000000 0.015102
578.000000 0.012061
580.000000 0.009019
582.000000 0.007676
584.000000 0.006155
586.000000 0.004380
588.000000 0.003740
590.000000 0.002607
592.000000 0.001567
594.000000 0.000812
596.000000 -0.000116
598.000000 -0.000996
600.000000 -0.001291
