300.000000 0.080237
302.000000 0.076653
304.000000 0.073722
306.000000 0.071106
308.000000 0.066431
310.000000 0.063201
312.000000 0.061974
314.000000 0.059735
316.000000 0.059383
318.000000 0.057454
320.000000 0.053636
322.000000 0.052076
324.000000 0.049959
326.000000 0.045726
328.000000 0.044194
330.000000 0.043895
332.000000 0.041668
334.000000 0.041004
336.000000 0.039732
338.000000 0.038119
340.000000 0.037708
342.000000 0.037723
344.000000 0.038430
346.000000 0.040201
348.000000 0.043693
350.000000 0.046698
352.000000 0.049471
354.000000 0.052157
356.000000 0.054465
358.000000 0.058065
360.000000 0.063290
362.000000 0.069156
364.000000 0.074737
366.000000 0.079026
368.000000 0.083199
370.000000 0.089233
372.000000 0.096151
374.000000 0.102958
376.000000 0.109079
378.000000 0.115145
380.000000 0.121212
382.000000 0.126917
384.000000 0.133210
386.000000 0.140022
388.000000 0.147195
390.000000 0.153915
392.000000 0.160440
394.000000 0.167208
396.000000 0.174008
398.000000 0.180890
400.000000 0.187287
402.000000 0.193406
404.000000 0.199577
406.000000 0.205197
408.000000 0.210042
410.000000 0.215000
412.000000 0.221775
414.000000 0.227726
416.000000 0.231280
418.000000 0.234709
420.000000 0.239390
422.000000 0.244009
424.000000 0.247623
426.000000 0.251759
428.000000 0.256480
430.000000 0.260531
432.000000 0.264044
434.000000 0.269105
436.000000 0.273754
438.000000 0.276869
440.000000 0.280350
442.000000 0.285596
444.000000 0.290615
446.000000 0.294300
448.000000 0.297635
450.000000 0.300524
452.000000 0.303550
454.000000 0.306909
456.000000 0.309707
458.000000 0.311492
460.000000 0.312947
462.000000 0.313225
464.000000 0.313617
466.000000 0.313922
468.000000 0.313611
470.000000 0.312752
472.000000 0.310357
474.000000 0.306744
476.000000 0.302220
478.000000 0.297179
480.000000 0.291631
482.000000 0.285377
484.000000 0.279015
486.000000 0.272507
488.000000 0.263857
490.000000 0.254577
492.000000 0.246502
494.000000 0.238062
496.000000 0.228080
498.000000 0.217567
500.000000 0.207181
502.000000 0.197924
504.000000 0.189188
506.000000 0.179973
508.000000 0.170154
510.000000 0.160345
512.000000 0.150043
514.000000 0.139608
516.000000 0.129795
518.000000 0.119536
520.000000 0.110060
522.000000 0.100111
524.000000 0.089617
526.000000 0.081312
528.000000 0.073074
530.000000 0.065792
532.000000 0.059651
534.000000 0.053072
536.000000 0.047930
538.000000 0.043155
540.000000 0.037086
542.000000 0.032098
544.000000 0.029292
546.000000 0.025308
548.000000 0.021414
550.000000 0.019113
552.000000 0.016960
554.000000 0.014561
556.000000 0.012205
558.000000 0.010380
560.000000 0.008646
562.000000 0.007775
564.000000 0.006897
566.000000 0.005449
568.000000 0.004255
570.000000 0.003605
572.000000 0.004037
574.000000 0.003750
576.000000 0.003208
578.000000 0.002911
580.000000 0.002591
582.000000 0.002945
584.000000 0.002566
586.000000 0.002609
588.000000 0.003298
590.000000 0.003045
592.000000 0.002688
594.000000 0.001676
596.000000 0.000887
598.000000 0.000966
600.000000 0.000993
