300.000000 0.149146
302.000000 0.146515
304.000000 0.145367
306.000000 0.146668
308.000000 0.146427
310.000000 0.147478
312.000000 0.149925
314.000000 0.152203
316.000000 0.155063
318.000000 0.154986
320.000000 0.154387
322.000000 0.155076
324.000000 0.152510
326.000000 0.147789
328.000000 0.146126
330.000000 0.145567
332.000000 0.141524
334.000000 0.136164
336.000000 0.132141
338.000000 0.126679
340.000000 0.119731
342.000000 0.113566
344.000000 0.107087
346.000000 0.099858
348.000000 0.094309
350.000000 0.089429
352.000000 0.083195
354.000000 0.075293
356.000000 0.066714
358.000000 0.060109
360.000000 0.054172
362.000000 0.050144
364.000000 0.047824
366.000000 0.043694
368.000000 0.039565
370.000000 0.038117
372.000000 0.037357
374.000000 0.036914
376.000000 0.036877
378.000000 0.036407
380.000000 0.035334
382.000000 0.034067
384.000000 0.034042
386.000000 0.035260
388.000000 0.037178
390.000000 0.038029
392.000000 0.038781
394.000000 0.040617
396.000000 0.043370
398.000000 0.045300
400.000000 0.046395
402.000000 0.048176
404.000000 0.050630
406.000000 0.053743
408.000000 0.056657
410.000000 0.059698
412.000000 0.063908
414.000000 0.068935
416.000000 0.072800
418.000000 0.076664
420.000000 0.082075
422.000000 0.087699
424.000000 0.093309
426.000000 0.100904
428.000000 0.110156
430.000000 0.118510
432.000000 0.126648
434.000000 0.137534
436.000000 0.149573
438.000000 0.160784
440.000000 0.173129
442.000000 0.188268
444.000000 0.204391
446.000000 0.220807
448.000000 0.237776
450.000000 0.254820
452.000000 0.273169
454.000000 0.292845
456.000000 0.313164
458.000000 0.334755
460.000000 0.357224
462.000000 0.379243
464.000000 0.403226
466.000000 0.427702
468.000000 0.452198
470.000000 0.475642
472.000000 0.498526
474.000000 0.523740
476.000000 0.548396
478.000000 0.573150
480.000000 0.599080
482.000000 0.623516
484.000000 0.645258
486.000000 0.665764
488.000000 0.685185
490.000000 0.704436
492.000000 0.727343
494.000000 0.748242
496.000000 0.764154
498.000000 0.781119
500.000000 0.797902
502.000000 0.809188
504.000000 0.817196
506.000000 0.822393
508.000000 0.823247
510.000000 0.820565
512.000000 0.818479
514.000000 0.816732
516.000000 0.811691
518.000000 0.803037
520.000000 0.792643
522.000000 0.782876
524.000000 0.770724
526.000000 0.761564
528.000000 0.755058
530.000000 0.745096
532.000000 0.733729
534.000000 0.718533
536.000000 0.699753
538.000000 0.676995
540.000000 0.649190
542.000000 0.618460
544.000000 0.585066
546.000000 0.544817
548.000000 0.502111
550.000000 0.459530
552.000000 0.414814
554.000000 0.367609
556.000000 0.319457
558.000000 0.274174
560.000000 0.233319
562.000000 0.197325
564.000000 0.165871
566.000000 0.139127
568.000000 0.116982
570.000000 0.097499
572.000000 0.081741
574.000000 0.069027
576.000000 0.057973
578.000000 0.048644
580.000000 0.040260
582.000000 0.034243
584.000000 0.029700
586.000000 0.025365
588.000000 0.022039
590.000000 0.019120
592.000000 0.016556
594.000000 0.014382
596.000000 0.012581
598.000000 0.011259
600.000000 0.010817
